/home/sofia/linux_bioinformatics/phylogenetic_trees/alignment_1_modified.treefile
1
2
3
4
5
6
7
8
9
10
11
12
13
15
16
18
20
21
23
24
25
26
27
28
29
30
31
49
54
55
58
59
60
62
63
64
65
69
71
73
74
75
80
82
83
84
85
87
89
90
91
92
100
113
115
117
118
119
120
125
126
127
129
131
132
133
134
135
136
140
141
142
143
144
147
150
151
153
159
160
167
169
170
171
173
176
177
178
186
187
207
209
210
211
212
213
215
217
218
219
220
221
222
223
224
226
227
228
229
230
231
232
233
240
242
247
248
252
253
255
260
262
264
271
272
273
274
275
276
277
278
279
281
285
287
288
289
290
291
292
293
295
296
297
298
299
300
301
302
304
307
308
309
310
311
312
313
315
317
319
320
321
322
323
331
332
335
338
339
341
342
343
345
346
347
348
349
350
352
353
354
355
357
358
359
360
361
362
363
364
365
366
367
368
369
371
372
373
374
375
376
378
379
380
381
382
383
384
386
388
389
390
392
393
394
395
398
399
405
407
415
418
419
420
421
426
427
428
430
431
434
438
439
440
444
446
447
448
450
451
452
454
456
457
458
460
461
462
463
465
468
469
470
474
475
479
481
483
490
492
493
494
495
497
498
499
500
